18 16 32

1 1
9 5 16 32

1 1
552 5 16 32

1 4
9 5 16 32
34 5 16 32
59 5 16 32
34 5 16 32

1 4
552 5 16 32
527 5 16 32
502 5 16 32
527 5 16 32

1 1
89 5 16 32

1 1
472 5 16 32 

1 2
120 5  16 32
34 5 16 32

1 2
441 5 16 32
527 5 16 32

1 2
144 5 16 32
34 5 16 32

1 2
417 5 16 32
527 5 16 32

1 3
25 93 16 32
63 93 16 32
92 92 16 32

1 3
536 93 16 32
498 93 16 32
469 92 16 32

1 3
25 129 16 32
63 129 16 32
92 129 16 32

1 6
25 167 16 32
25 167 16 32
63 167 16 32
63 167 16 32
92 167 16 32
92 167 16 32

1 6
25 205 16 32
25 205 16 32
63 205 16 32
63 205 16 32
92 205 16 32
92 205 16 32

1 3
536 129 16 32
498 129 16 32
469 129 16 32

1 6
536 167 16 32
536 167 16 32
498 167 16 32
498 167 16 32
469 167 16 32
469 167 16 32

1 6
536 205 16 32
536 205 16 32
498 205 16 32
498 205 16 32
469 205 16 32
469 205 16 32
