29

5.5 2.25
0.25 5.5

4.5 1
0.5 1

5.5 0.5
0.5 0.5

14.25 2.25
1.75 0.25

1.5 4.25
1.5 0.25

7.5 4.25
2.5 0.25

15 4.25
1 0.25

12 5.25
2 0.25

15.5 5.75
0.5 0.25

15.25 7.75
0.75 0.25

1.75 7.75
0.75 0.25

7.5 7
2.5 0.5

8.5 8
1.5 0.5

8.5 8.75
5 0.25

8 9.25
4 0.25

8.5 10
1.5 0.5

8.25 10.75
4.75 0.25

0.75 10.75
0.75 0.25

0.5 12.25
0.5 1.25

1.5 13.75
1.5 0.25

3.5 12.75
0.5 0.25

4.5 13.75
0.5 0.25

8 13.75
2 0.25

11.5 14.25
0.5 0.25

13.5 13.75
0.5 0.25

13.5 15.75
0.5 0.25

14.5 14.75
0.5 0.25

15.5 12.75
0.5 4.25

14.75 11.25
0.25 0.25